807
237
490
700
818
402
283
684
917
725
193
600
495
998
624
906
113
610
643
301
165
984
489
795
878
545
277
977
80
802
915
848
64
123
117
483
961
201
591
941
228
334
810
740
902
538
789
993
491
268
978
429
745
26
77
957
582
400
429
136
291
690
508
69
250
814
65
653
834
85
192
577
276
821
571
676
50
273
52
765
789
179
460
758
378
524
227
664
124
288
407
226
43
421
575
708
592
943
405
108
876
497
637
353
96
781
700
573
57
272
897
130
769
420
369
432
121
887
97
557
644
802
578
798
764
456
80
182
637
816
517
916
792
576
911
801
990
352
609
355
872
675
657
283
728
422
446
95
963
617
201
215
435
174
232
116
730
630
755
82
538
952
58
931
899
853
952
139
193
375
13
426
975
972
757
453
854
208
735
682
941
530
836
517
603
155
476
402
206
860
123
954
681
812
162
139
285
917
596
97
319
589
764
451
268
288
498
764
532
98
508
439
981
956
786
666
473
63
330
346
885
507
952
446
788
252
780
799
328
122
506
214
367
169
195
606
900
540
141
742
706
573
67
49
125
607
646
896
815
468
691
463
355
908
711
707
241
360
902
113
260
953
999
811
458
924
512
176
689
802
124
861
184
665
550
159
334
425
712
546
166
163
840
879
742
453
26
119
48
936
559
987
921
751
319
113
147
777
241
524
477
756
730
326
499
974
545
258
856
131
156
740
368
382
223
47
875
325
682
722
165
831
16
837
851
359
926
426
447
358
418
378
838
71
620
747
690
702
275
32
123
129
896
68
377
791
399
666
286
570
833
12
325
380
813
778
98
910
621
523
384
247
655
510
693
369
336
261
752
286
643
837
783
904
368
467
118
31
549
243
102
774
488
219
641
636
298
204
296
47
489
796
246
200
526
996
201
540
93
765
47
140
823
14
600
129
364
679
141
65
407
256
347
117
328
531
54
464
614
990
305
194
487
831
799
407
776
409
75
973
426
415
782
864
930
995
386
32
370
243
835
289
988
316
47
479
226
199
904
789
25
345
632
616
108
517
546
26
858
815
913
786
908
292
36
389
948
69
362
561
136
291
626
122
974
332
103
363
805
428
50
445
401
90
313
583
521
438
11
171
280
798
403
286
618
604
566
768
398
338
115
296
694
100
140
233
750
545
739
266
337
238
796
219
68
709
320
356
468
681
997
907
48
645
802
8
870
205
600
501
289
74
142
127
173
859
720
741
244
922
908
92
843
487
576
384
142
111
242
381
36
898
534
67
347
576
610
249
735
903
667
419
665
526
294
754
470
690
135
659
402
775
950
690
141
361
505
418
575
797
910
355
367
324
39
308
482
288
525
160
876
61
538
402
599
86
370
662
696
46
401
38
884
310
845
484
407
328
553
898
422
622
672
832
657
92
555
107
789
200
814
292
220
545
243
995
742
185
985
871
678
651
340
178
665
973
906
879
835
18
198
279
926
791
292
808
984
839
92
411
336
966
253
908
447
131
333
394
115
417
350
719
999
992
960
698
610
497
994
516
905
776
783
655
310
339
986
276
136
34
334
75
471
751
651
300
696
364
256
317
301
107
754
905
548
348
929
785
279
684
733
515
357
118
382
439
347
922
473
646
725
59
168
863
475
463
609
958
801
978
211
181
28
258
157
662
79
217
546
655
199
443
579
421
777
817
597
416
253
859
971
876
502
76
40
170
217
438
865
205
298
394
894
718
878
544
314
741
794
102
999
493
951
996
615
330
203
258
721
165
590
947
227
113
822
19
705
11
311
175
79
23
994
645
706
259
73
260
251
468
161
588
611
317
742
857
938
772
509
609
443
601
487
909
477
832
198
66
232
201
86
630
281
852
679
160
418
60
717
904
517
663
988
250
79
905
187
474
462
445
865
826
576
85
511
510
389
109
783
463
441
955
27
298
221
841
91
593
807
864
173
960
937
353
953
481
70
596
75
20
32
160
234
702
693
932
952
385
775
699
710
586
333
87
257
268
839
821
618
982
723
360
437
706
818
148
333
651
757
112
245
588
47
556
571
428
544
280
86
526
900
657
267
388
398
849
398
688
674
420
284
860
309
979
240
685
978
154
925
960
563
29
324
957
978
131
980
692
261
368
492
745
838
254
691
400
519
307
403
165
26
52
206
118
380
815
535
679
796
75
290
399
195
723
340
254
422
711
100
183
440
117
807
691
990
890
800
413
988
129
49
334
375
807
137
981
622
97
794
698
193
729
874
459
956
338
313
907
547
987
115
655
509
361
611
489
21
483
578
125
220
717
750
243
834
610
149
892
299
142
729
47